13419065356
17546033763
15157930271
19618481620
17386976693
15630872175
18018017970
15467359696
17256494224
14786254347
14568537650
17967751784
15501872818
16664935315
19107537360
13252310843
15438401917
17012132230
17529363046
15288999936
17355967951
15230173961
19540615486
19097460401
15068135255
17142070585
18567412470
17736079008
13742938142
14610177373
15753428298
14690338889
18944780371
19133099443
13674751199
19752116600
13682824113
13297898240
19295384591
17099759938
15262456069
14500857016
17133733208
17459030204
14687600429
13386452094
17014803251
18085533710
15168569706
18819395635
15681066919
15297897374
15124265911
17511419163
17516478153
16760352667
14762775464
14412285612
18757351047
14798505833
13722942150
16795583189
19697448298
14471314322
15966090015
19572521185
15757266800
14570461802
13549655455
17566529050
19013559705
14576087792
19133187623
15186880721
15239802363
15366335280
17235102016
13548718908
13190391376
15400257182
15133789890
19732118163
13926380976
17744134556
13684226546
14721752665
15601472228
18588060982
15601588420
16754082894
17554598596
15141452220
13311743121
14543580853
16684374061
14850294794
18181422554
18769949350
13630738272
16783586442
18079120454
15373745483
18781104535
13096026460
13145580407
15024543414
17627432617
13701545691
13162201974
13516782003
13428064873
17780191448
18451705071
19336341733
17725486957
18465740398
17230816510
17629717507
16595931803
19745793852
18708895115
19035730506
15888468989
15657349937
18179531161
15955158374
19255491356
17618961742
17848337623
13995465070
13307107726
18385093724
17704477047
13199225541
13430082937
13476105793
15346528907
18308165809
13723505326
18167854363
17986861475
15657256548
19233926622
18798077141
16689410814
14607069735
15549591703
19060494303
15198720256
15765158326
18889053106
17577380033
18193702173
19589833773
16751047342
19164800850
19033575735
18983874062
19982158891
15278972330
14402832759
17392613775
13945091016
18792884675
13733043821
14423323230
13812126135
17497554714
17668357479
14920020937
17721404306
19541267595
14890199374
17880451038
15226386068
19620529768
17297921724
19939919061
19903957341
17087917958
13990606576
15639244273
16616511359
19007958550
14844652063
17336132363
13486539905
16753278553
16640529559
17733769156
18988235620
19348750824
17824809131
13975243352
18715762447
17835185855
16641077412
15580447078
17670347851
15948003425
15191912685
13645996267
17410276743
19619118213
13202959598
19747844582
15958432638
18291013161
19202265000
13322630206
13425522192
13651717203
13192598470
17669142365
19592304562
16502471006
13531080574
17005322273
13058117474
18473409103
19625226284
15110341483
19249444635
14650451323
13022801438
13437100685
13036808816
15523064620
17191048102
13974335213
17207691670
18271825039
18069880818
18869184509
19047860652
14414437358
14476117841
17370400944
18399593538
14512494605
17925525416
19512909965
17903848081
19293113427
19193569568
13663895438
13290605464
13692076338
19954375477
13355483762
17414981957
18253911526
14707465528
17443387662
18315618804
15971533045
18414058446
14518897511
15123291254
18853090223
19717888335
18543791409
15911030496
17360110462
19982111639
16521100105
19395996235
19539001954
18251002972
17849180013
15637097963
14920981225
18996192203
19514169501
18288754900
17663467194
13051524310
18428510152
16583941102
19301081936
17491562314
16661996769
17983007993
19656702572
13548088943
18453720984
17476886818
15222620842
14868267786
15413537566
17443300745
16534111136
18364174547
18167726881
19174643612
19188388634
13236290827
16712520215
19658171811
17205313376
14870479205
15568927044
13016387137
17351701129
19231335910
18876589134
18770827215
13089323471
18202651859
15936899460
13739986371
18490962469
18207572735
18113782667
14840969792
15347614667
17084557747
18447621431
19799854688
13056497377
19352196276
15126299099
13094782390
17385166277
19394064918
19169998826
15643283578
14747234847
14695743886
18603544241
15467441716
14401055900
17627800488
19646849009
15909135353
19961021117
16762766289
13181486795
18333616256
18217212194
18557695410
14855972666
15150344836
15490570315
16570086445
18147879997
17233310106
18010395771
13047276001
15977983425
13406067844
15836650370
14579347994
19195065970
19563989085
17418358430
18175913624
14562085916
13355967281
18871166216
18156706065
19882897441
17367603505
15853054288
15432451114
17641076715
15580653827
14790911868
14855197149
14961945424
15014697614
14514660476
14807214656
15378721760
13429358516
13441549945
15861528859
13208058926
13197392692
14769319401
19957313001
14508842074
19178860081
16625512455
13662182980
18094224210
15201686459
16655607140
13263885932
15731840134
17743229783
19397747364
14578914554
13670336889
19115581030
17228967149
19999864466
13709134590
19860056813
13591433440
14877698445
14980102023
14571536006
14849919046
16796030529
18759079149
18326996185
15892311423
18382057359
19853913582
17724263367
17706074948
19386193314
18227155881
17029077479
17755471018
14515997766
15146927467
19701700943
14915450846
15988789373
15489372988
19840361092
15177637175
19608065813
17291899288
13358787771
18702474759
17437992268
13493652420
17245665269
18784181347
15933753413
13351084975
17383448443
18404751874
14566165032
13785058664
17527972474
19038790322
17478866304
13316061844
13946863802
17400261376
14651729488
18870755702
19872361295
14742651075
13701994462
18299678882
15509776892
19681085889
14403977767
18044366145
15528998795
18272357293
13662981588
13152060325
18272753138
18437068062
14997892041
15206377195
13667547434
13189446167
19763722171
18140478725
15582471005
14690448809
17310316072
18443938032
17795933338
14907259126
15221213516
17013414132
18347161949
15940232099
18001252998
18767997718
15042628520
15850494147
13743304369
13861450027
16710810314
15638303021
19392167638
17744880610
17388431136
15753869454
14433084982
13242020871
15815948636
14733400730
19047219964
15055139290
13342535208
17992646643
15546391946
13584667444
13601162854
18547362441
13094556820
13976368807
18695563582
14758053336
18049190291
16770228383
14996665192
13821314368
13071041617
14714502076
18778166006
15365209608
19208148573
15516930363
13056817914
19314611540
17046828159
19219906525
13155275625
18446244578
17052104449
14587847401
17893187627
17870524236
18824123265
15454541054
13776013827
16502043105
19850156354
13066074165
13374286609
19819571464
16798841296
14711384636
18459173900
14645285762
17754821681
15053503353
13374812103
18513224282
18501690751
18868282487
15486451755
16732623426
17232432993
15700308254
14957322256
19985384487
17954384008
14643515608
18416537492
18054457468
15007238311
14481070206
17572070045
13849416472
15908160807
17129542655
18804834803
15514312693
19910346471
18395032976
19162825282
17735089425
17532364699
18460487149
17726451210
17539555267
17411299708
16669460540
15650648905
13242077028
16720645009
13364974878
19961946400
14995906275
18275532594
14844300950
15763247386
19831888484
17209082045
18151294672
15089028200
13988555780
14967322689
13796614911
15948154519
19046577403
17809905116
13565272144
16730566119
17338269019
13943298659
15029557393
17377714329
19036038057
17762399418
13285761639
18690740852
14859752064
18227391439
18806186138
13924496251
15056716898
14956114435
14831422680
15783752328
18488203455
15021932116
17553228470
13479114304
17417349066
17966821968
14518788729
18425440903
14873630851
17140388398
15143002841
16776445231
15205910229
15179928121
13151600558
13717244777
17706505740
18304192712
19786701185
19793938221
17390788661
18332689770
13641416507
17304622264
17139537796
15762321725
19388709234
17567886835
17097753854
17033571564
15258778457
19516008065
13398686296
15637127276
15117216458
13082480145
14623697974
15277522686
19119776276
14713575652
17069671320
15127026473
15764705014
14739687013
17262969959
13858308039
17122325060
15680943547
15177468757
13862758290
13885990091
15462275878
13408932460
14685546759
18752080813
18949996039
13863245590
18989215199
13050421589
17366064482
15291528969
14430171757
15615068001
15398100358
19980392427
13261712182
19728204118
14884431643
17220546060
19007571313
15245136557
15362274730
19677581285
15290997166
18553864106
17220270757
18748473818
17860928250
14578803480
19607542748
18648787739
19585867586
13626574532
16738186827
19363304832
13146372213
15442451115
17569969822
15621890796
16736382371
13059083570
14622162715
18078260447
19884821044
18644262971
18872872866
15690560728
13904864531
16663022780
17259083255
13846536865
15786225301
19321223293
14976516243
14995773927
19652331809
18280677974
17500177954
15833111296
13968962555
18466527193
17322780147
17311438048
13516599576
19687346635
19086772033
14517285398
18615928544
17253666745
14436132620
19819500414
15503689481
18345018777
16713071799
18148015560
15831134835
13226605653
17889574298
18135582950
18302337405
14753314721
17400034669
18239994782
13143967139
18985726053
14430288304
17684780842
15355379978
15197979685
13873629685
13468781658
19292773655
16552770286
17283325084
18371590109
19064931984
15355066087
14890400385
18149938101
16757120501
14547922118
15878590378
17882463416
16597572666
18881985673
15071661773
17704531986
17779385672
13399928490
17205889497
15528818284
16796420917
15655735180
15392452672
19865476112
13900959817
18239431211
18305979176
19217641113
15706028985
13479130622
18795557527
18893989470
13547458840
19550758302
13560348386
15079124223
19699666630
17459517408
13759329974
17872920217
15384258274
17381200091
13609449444
17215606242
17777021953
15282395781
15623339702
19347154632
18194374792
17292921786
16505269544
18317614525
19669746143
17958560985
17630432556
17169450377
19220224208
14857335060
15918641290
14415403202
18216330100
14402408644
15280978366
14422174860
18658448156
17791475629
17820258140
19349205394
13462932267
13108755334
13260897328
18107691380
17193291571
14524368616
19293597429
18595407997
13108180125
14447554455
17714871516
15842721556
17304889213
14786851901
17443200342
17833136992
14757919168
19071885007
15441459816
17327630393
17716260719
15579468205
19919909987
17676746129
19650738318
19735911000
13498136123
19893731360
16699691622
13854985392
17466803246
18525032861
15522033674
19069757882
17172985458
18238163963
17036526878
19027396495
18194330826
15202103716
14504303079
17008890222
15918837341
17218515427
17325941354
18703763012
13414017446
17782737390
19329673121
14811861776
15387061092
16772813819
13900684222
18996600574
18496302381
15928796259
18005260918
18310392922
15146688080
16584121179
19957578269
19196869830
13843874337
15639204667
19571477407
18834145455
17902418588
17087465165
15024489617
13980802935
17846544914
19952273308
17880813318
18605114283
13040277607
16705341897
15054456503
15765328308
18944331412
18724968042
18793705626
19990404021
13758417558
15845503407
16752949872
19638304562
17999336049
15063627285
16507785012
17506430501
18411271828
13413509914
18781140661
19579798441
15924169338
14954576887
19728297773
15664782420
13720270030
16638064907
19731703745
14466664647
13651986680
14899899937
13523738388
13238069847
18879256958
17525499066
13846555911
17590656445
15881414473
13499994655
18978825195
13194044604
13513322299
19398235751
19339311738
14414070982
15634789578
15579917165
18033670459
15107640834
18665616622
19953820299
18016629328
15133260427
14603125232
15651395388
13909178447
18892294798
19202653847
13779614379
17230853640
14991013501
16713015191
13596551511
15459829387
15445128066
13664015901
17795782879
18287170247
13930721374
19825910655
18500009586
15633713965
14910741384
15234495116
15229686332
14882623673
13890180854
16509669676
13287005024
17489544451
18347990637
13983946436
18878138047
18050944532
18086686376
14414301169
18134643720
19525962557
17830851702
18468847325
14666549209
19934972415
13513218515
17955521724
14456278433
13515886317
13699768734
17614582893
18639115290
13211448000
14591338624
15810478805
17292123650
14903526958
18466705877
15774723614
18439091352
13839877790
18605711234
16747825276
15989546621